919662145878
919655511444
919673812612
919646178284
919682662880
919682100585
919651125352
919664353466
919662355955
919570131726
919663799669
919657883194
919551188101
919655512331
919665489092
919646178685
919673996894
919673200011
919682101948
919663099006
919674587576
919660802022
919662152356
919655518562
919687383680
919665233300
919673819707
919664355525
919674587726
919677052825
919624049029
919677241718
919664833621
919657885262
919662152855
919673998267
919673201000
919651142601
919689926377
919677053445
919624050053
919691761341
919657886990
919687384650
919665495383
919551201400
919646181744
919673201114
919682676433
919651147799
919668801203
919663103848
919677243995
919570152442
919687385964
919665497721
919551209435
919673999377
919673828787
919646183087
919682679779
919689928180
919662361964
919674591314
919668804844
919624051149
919660807508
919665499950
919551234175
919673830767
919646190188
919651153708
919665731111
919624051190
919664837824
919663111075
919570158999
919662155708
919665245124
919674000071
919673833373
919646199089
919666670322
919664358693
919671363877
919674595629
919665732015
919668813457
919663111442
919660816000
919657891852
919663817680
919665507327
919673834161
919551239662
919661610543
919651160710
919654509570
919689930000
919662363616
919663111622
919662156249
919673840289
919674003031
919570170560
919691800008
919665507396
919666671382
919673212288
919654509778
919689930390
919663114005
919651161191
919657892560
919660820497
919624055792
919674004487
919570171908
919665249848
919691812599
919666671680
919646207840
919661614820
919662157321
919689931011
919665732552
919673213784
919654511100
919671380060
919674613302
919657894765
919687404344
919570172511
919682817146
919677248055
919662365196
919673842440
919691814189
919661627847
919671381505
919674617572
919660827611
919665252938
919664843543
919662367611
919663823845
919666676452
919665510373
919671384774
919654513596
919674619749
919677057529
919651164400
919677248133
919691827203
919660831823
919665252996
919674006595
919666676749
919624062164
919689931420
919665735024
919654514126
919655551242
919677057570
919674621623
919551252507
919665253991
919663117832
919570181981
919674006927
919660839759
919662369421
919673851391
919682906680
919666678363
919665515313
919665736507
919663825754
919671386588
919677058573
919674626283
919657902842
919551253232
919677250645
919687424106
919662371631
919665515508
919664362598
919655553499
919671387576
919677058848
919663121721
919687424274
919570188916
919673854878
919666680028
919646221259
919664846587
919665738255
919654521401
919657904032
919691843519
919660853844
919674008884
919687424545
919651178201
919624071881
919664846679
919654521567
919674631718
919551255577
919677252595
919662383820
919691852049
919660854008
919570192023
919674009008
919651180055
919661670006
919624074844
919664846801
919654522345
919685001263
919655558895
919570205388
919666680680
919668899989
919665518774
919687426542
919664847841
919654522495
919663832666
919669916336
919685003695
919671400010
919677061505
919662387421
919665261039
919674012575
919664849315
919689935167
919665741002
919664366057
919551272793
919570206650
919660864531
919677062209
919651196657
919666681181
919624077449
919691857677
919657919182
919685016555
919660866866
919677062284
919673863377
919646240457
919689935721
919657920002
919674640979
919660869991
919668992838
919666684466
919665518888
919646241638
919664857131
919669934440
919689936696
919687432456
919624078362
919665742555
919671417470
919685017571
919677258121
919673868930
919651201226
919677065026
919687433733
919665743388
919691876807
919664368613
919657922060
919663132786
919651202692
919673218928
919665273709
919669942253
919657928558
919685019870
919551291224
919677258797
919674027180
919665273742
919677065660
919664864003
919661730895
919671426011
919685032704
919662409561
919570225064
919669956995
919664864602
919685033389
919660893916
919662417676
919669044983
919570232369
919669960997
919624089858
919657929954
919691888538
919663136109
919685036896
919651210743
919665530293
919665276053
919677066055
919674031016
919646276682
919671438786
919691888788
919657934546
919663141686
919551328334
919677261949
919665530765
919666687747
919651211227
919669053571
919660895553
919674031082
919691896346
919685045017
919663142942
919664376278
919551330143
919654531319
919666688238
919660898118
919651217855
919664868703
919689944204
919661764502
919674651754
919677263947
919666688522
919660899286
919665530951
919665278826
919624097071
919689945119
919669969699
919685060740
919677264549
919673242192
919570265412
919677067405
919664874347
919646293055
919687452761
919665282444
919624097864
919665752855
919689945155
919657949200
919691901637
919685065802
919654533027
919673245349
919570268996
919660900655
919677067548
919687457335
919665753713
919669977948
919691901801
919663145228
919664377653
919671447863
919654534535
919677068689
919674032403
919665285373
919624098979
919669979025
919685080666
919654535748
919677266191
919673247473
919665533304
919662435053
919687460442
919689947956
919665755687
919669986606
919691916053
919664379018
919663145863
919660911313
919651235009
919662439009
919646300712
919624099887
919657956607
919661805035
919685083740
919674666286
919671451861
919551365269
919673253688
919660913101
919666691912
919570282006
919665289910
919624101065
919664382027
919551366247
919673255807
919662440260
919570283585
919665759865
919669990313
919674666945
919664383838
919671458627
919677071185
919666693989
919664879149
919665540666
919674036960
919646313718
919664062178
919624101858
919665760804
919661806600
919685088801
919671476588
919663857147
919673256611
919665541008
919689949005
919665761872
919665299888
919663148668
919551382559
919666696461
919651252728
919689949640
919657964158
919664385716
919654541591
919663149008
919570292429
919676195985
919670003349
919665765768
919663859707
919685089484
919551387769
919689957237
919687471017
919673261355
919646323666
919664886628
919674669474
919624108276
919687471101
919664068038
919664387096
919663152326
919673261945
919670008799
919664888489
919677075755
919663865544
919671502183
919689958540
919665305488
919657971681
919664068639
919660933019
919663154466
919691956867
919661835085
919662453710
919665767607
919685091569
919671510972
919551405566
919657977393
919664392992
919663155558
919666699142
919674049244
919664888789
919646333125
919662454490
919674676313
919624119038
919663866663
919689959966
919664397553
919665545556
919677077661
919661844232
919662454660
919685097004
919674678360
919670033290
919663869671
919689960253
919664072571
919660946350
919674055455
919691964026
919665768247
919661848352
919674682428
919666699220
919677078246
919624121122
919687481614
919664400680
919677277119
919570310399
919665548788
919674056922
919662463390
919651308726
919685098450
919646343423
919663874813
919671530039
919663164477
919689962805
919674057065
919657982954
919687485181
919664410152
919660949221
919677277944
919663875143
919570313733
919673272345
919662464293
919657986719
919687489702
919665310086
919660951664
919666700885
919551425141
919651329937
919662464649
919697350153
919665310754
919674686372
919664080369
919570316464
919665774564
919663880350
919661881279
919624129725
919685103041
919646351351
919660957605
919663169955
919674688581
919665776624
919670070007
919666710999
919651334637
919663880713
919665557570
919670070070
919651334708
919661881733
919665558875
919663172665
919671562179
919657990114
919691982891
919670070737
919689968533
919664899161
919666722674
919624136425
919665314433
919697452696
919660968455
919663173081
919674698005
919657993054
919687496968
919677083775
919664899383
919666733322
919651337485
919624141732
919663884561
919664428803
919665562066
919663173342
919664084774
919677281988
919674703313
919673282801
919676231111
919666743744
919551446542
919697465555
919660977279
919664439824
919685113290
919651338168
919677283725
919674703812
919665781926
919664086701
919691986301
919664900186
919551447355
919661887571
919665323875
919697500000
919685115158
919665563686
919660984079
919651339608
919654561726
919677284188
919671597700
919664088876
919670086888
919676234652
919689977797
919664900349
919661887817
919697508949
919685119116
919664444404
919651339955
919671600882
919676235555
919670088331
919657998860
919689979263
919551449747
919665324524
919662478969
919671602239
919660999689
919665564764
919677087903
919670092953
919676246474
919687511125
919624148358
919685119712
919663178082
919673293515
919665567506
919664092384
919665787283
919670093039
919676247189
919689983849
919674067207
919664904602
919685120170
919654563374
919673297233
919692007326
919665791389
919676249521
919689985005
919687512465
919663895494
919697532267
919664459900
919674711122
919673298424
919661012634
919671617631
919671979844
919677289504
919689985832
919664905863
919663179942
919674711583
919661015394
919671620105
919676252525
919663896981
919666761666
919674711586
919661914478
919677090919
919674076190
919671621222
919676255878
919671987072
919673306568
919651379797
919666764066
919658018828
919665330864
919551486490
919697603531
919664466135
919689988680
919670120427
919676256534
919664097840
919654569454
919624152570
919689990341
919670121828
919677291875
919661026991
919692050587
919570400445
919677092484
919663196241
919665802602
919665575148
919670121841
919671998777
919673311373
919664100138
919666769959
919664907240
919692055495
919685146164
919697686198
919674077590
919689992021
919665575320
919671670035
919672002476
919663909669
919651397604
919692055689
919658037317
919551498804
919677095578
919665803821
919670122082
919676271891
919675506778
919663912701
919651398200
919692061234
919665333070
919664909927
919551499739
919677097151
919663199075
919689994092
919676282861
919661037336
919570445507
919661963355
919677097833
919671696477
919670139379
919677297799
919673314314
919663916655
919666772727
919651399898
919658108938
919664910264
919685177517
919663204568
919677099435
919665808703
919671698949
919676285451
919570449625
919658114825
919664105081
919692079902
919551512341
919624161279
919661969956
919697717796
919677100873
919671698999
919670145281
919677300744
919666776882
919663919481
919570453939
919651414649
919689495966
919685188696
919661974955
919665812328
919676289703
919675526675
919664109281
919692100095
919674713969
919664911221
919665344116
919689497055
919624165646
919677103030
919665816436
919676291592
919675541277
919663921416
919692111110
919665344414
919664913975
919551517850
919663208000
919661990960
919661046017
919676293395
919675542018
919666777781
919663922677
919673322022
919664915189
919551525262
919685199658
919689995027
919664501365
919676299030
919677307330
919672034995
919666777888
919675547575
919651432003
919664915841
919654584086
919663208426
919689997650
919661054040
919674091704
919676307965
919670160168
919665585474
919666778176
919664112084
919663927340
919665345489
919624174450
919689997781
919661996302
919674091720
919676311007
919677308503
919672043422
919673330803
919664919635
919689999044
919685222694
919674098921
919676312252
919665587759
919677308708
919675555590
919673330975
919665345896
919664919945
919654585574
919689512906
919677108645
919665821950
919665588155
919664115313
919692155556
919651442626
919675555710
919665348581
919664919990
919624180601
919654586965
919662002013
919677109741
919674106631
919663213703
919664506829
919665822153
919670177770
919676316748
919685225152
919665588720
919570507273
919672053374
919673331143
919651442692
919663935408
919664507045
919551555858
919689516829
919661069366
919670182020
919685225541
919676322003
919570514466
919654590413
919674109632
919664507473
919551557077
919690000000
919671728786
919685232490
919664120690
919663936743
919675564293
919665352252
919664922688
919624193552
919677113018
919664508412
919690000399
919663216463
919670185990
919671735714
919685237795
919665592505
919666800123
919674720056
919675578747
919624194926
919689519929
919690000646
919697977777
919670188011
919663938604
919665353939
919664510118
919663219512
919676342056
919665356601
919624198468
919664926103
919689522796
919674113010
919665825358
919677114542
919697982120
919663219516
919671738044
919670201010
919685250444
919666807066
919570542625
919675588988
919673332539
919692219696
919654592836
919690002242
919676345143
919624200427
919654592934
919663940216
919664927278
919665827560
919551585999
919697999111
919685252594
919674723506
919651473349
919692227433
919674117201
919665827722
919698000999
919666813897
919651477133
919675601628
919666944795
919664127965
919672106414
919664928373
919665828239
919551616555
919663222800
919671755730
919698013677
919676366557
919690003232
919670215601
919673333188
919692242223
919665363021
919654595941
919677116966
919664929011
919663943327
919665829881
919624208555
919663225678
919676367898
919675606418
919654599209
