919687660206
919700193660
919696949857
919686136403
919679900228
919696952308
919687660418
919675112878
919689461307
919696954183
919686138000
919699368500
919696954565
919675116364
919708920331
919700199206
919689466324
919686140880
919700199389
919711889960
919560520916
919689469746
919708936948
919675133420
919689471023
919560521393
919686810494
919708941733
919696961984
919686811977
919696962436
919686146621
919679932536
919687663755
919675143056
919664551440
919689476460
919687664231
919689477978
919696964040
919674359188
919715842019
919560525757
919711897756
919696965655
919664559336
919675151638
919715844600
919689480448
919708979999
919687666700
919679938579
919689483088
919696966129
919674364643
919679944066
919675184502
919664560876
919560531141
919689486161
919715850383
919696966990
919674366602
919700214193
919560532966
919674366659
919679947675
919664563802
919700219009
919711901668
919686830723
919708995832
919687667903
919689495680
919708996664
919696969655
919675208346
919700220992
919711901891
919696969666
919675209389
919664570903
919709014850
919686161882
919675210692
919560537012
919715878689
919700225017
919686162452
919709018243
919696969767
919675219207
919696973522
919675227007
919664571954
919715889835
919709018733
919696974695
919679979824
919674378452
919700230407
919711906931
919715897460
919679980249
919664573036
919696976532
919675245430
919686170044
919679983197
919674383485
919664576018
919709026324
919696980538
919679984030
919696981663
919711910965
919711911243
919664581510
919675283153
919674390185
919675283527
919686177976
919696990257
919715976385
919696990998
919709038281
919686188816
919674393668
919686189980
919700248228
919696995818
919716000048
919700256211
919675303689
919664589315
919700256769
919711915250
919674399925
919716000268
919664590846
919711915688
919709050470
919700262877
919711917384
919697006666
919716002377
919680004498
919686193469
919680005400
919675308242
919697013117
919700268770
919686194125
919700270299
919664596454
919674418458
919709056704
919680006287
919675332277
919700270598
919709061550
919686195155
919700270969
919716006430
919700272006
919664601712
919711919827
919675345291
919711919864
919697030207
919674427493
919680008227
919700274841
919716010049
919711920047
919674428502
919697039355
919674429113
919680019880
919686197398
919711922189
919697041504
919664608992
919680021417
919709087174
919675361211
919709087342
919675362745
919686198666
919674431557
919709091646
919686199524
919711928516
919674432492
919716023080
919680023020
919711928622
919674433612
919680024000
919697089089
919716029574
919664613186
919680024759
919675421200
919700292882
919674436380
919709103238
919686201600
919675430656
919686201717
919674440893
919697150736
919664615246
919700300304
919675432160
919686202156
919674446220
919697190182
919675432678
919680047457
919697210332
919675434294
919680053170
919686202354
919709111377
919711936856
919686202765
919664621380
919709119579
919711937347
919674456211
919664622820
919675450045
919680065974
919680068006
919716045591
919675453505
919711939680
919664629178
919686209339
919716048373
919680081111
919711941312
919686209595
919711942265
919675474191
919686212344
919711944773
919664631853
919700332282
919716057074
919709169223
919686215731
919716060182
919709173143
919711949071
919711949674
919709178086
919716066396
919664641118
919709179991
919711951209
919686834187
919709187697
919680101009
919686224488
919686838291
919687668831
919711954726
919686840856
919664643882
919680104013
919716072106
919687672228
919686227070
919664644806
919686844822
919710650821
919716076022
919664646409
919700338849
919680110448
919687672683
919711962132
919686847568
919710658789
919716082042
919687672950
919711962457
919664646771
919687673432
919686231373
919710662773
919680116645
919711963132
919710663303
919680118447
919687676757
919711963436
919716090909
919700348118
919680125707
919686858096
919700349851
919716100967
919664651512
919711968324
919716101818
919700354302
919686235526
919664653711
919710701170
919680151392
919687679728
919716106916
919687680109
919686237296
919686861704
919710713001
919716108073
919687680319
919686861776
919700361625
919716110004
919687680356
919711977441
919686861780
919664657826
919680166084
919700362426
919716111106
919711979249
919664658399
919710720305
919711979307
919700369452
919710721278
919716115797
919686247846
919700370074
919680174110
919711980884
919686863489
919687682735
919664663220
919700371479
919687682841
919716119811
919686253596
919680182255
919710734723
919680183146
919710742364
919716121688
919686866996
919680186888
919700383209
919710764717
919716121834
919711985312
919686258458
919664666393
919700384405
919686258875
919686869376
919710778866
919686260663
919686869668
919716127759
919687688491
919686869962
919680193197
919686261840
919680196163
919716131801
919680211422
919687690900
919686262865
919664679030
919716132675
919711990003
919686876748
919686262944
919716133702
919710838455
919711991076
919687691359
919686877719
919710846809
919686877991
919710847454
919664684057
919694717814
919686266058
919716139140
919687693504
919711992494
919680234998
919686277996
919687694848
919711992808
919686885582
919694727261
919716155515
919664689250
919686285927
919710877017
919664689593
919694736474
919686892759
919686288710
919694748973
919711995090
919686903162
919686288869
919680246600
919694766470
919686903905
919680251684
919694767700
919716161419
919711995738
919686907603
919664694455
919686908262
919664695445
919716166725
919687706031
919680277206
919694799951
919716171938
919687707587
919686911093
919664701610
919680282414
919716172322
919687711484
919680285007
919694803114
919686313074
919686912087
919687715185
919664704851
919686317955
919686919084
919664706561
919680290084
919694807372
919686919224
919716175418
919686920168
919664709170
919716181467
919694816928
919687718503
919686921345
919686323204
919680313979
919686323964
919687735028
919694822713
919687735351
919710928842
919680354061
919710929898
919686925086
919716200400
919664715458
919694828771
919686930064
919712002883
919664718113
919687752560
919710945503
919680361561
919687755993
919712004477
919710946123
919686934920
919687756994
919712005730
919716213477
919686940931
919686336184
919664724015
919687764902
919712010173
919710948092
919686337890
919687770250
919712011199
919710971787
919710972299
919716737966
919716223383
919712013376
919664729026
919687771271
919712014394
919664729841
919694864562
919687772904
919716754483
919687772926
919712019218
919711000061
919716757838
919664731035
919716237308
919686955733
919694870770
919687776400
919712023727
919711002154
919686957548
919711002168
919700400265
919711002981
919716243448
919716765704
919700400290
919687777989
919712029401
919716245300
919664742210
919686962713
919700400784
919700401088
919712030405
919716770021
919694924972
919664747978
919686964488
919716771288
919687794916
919712034927
919700405057
919687796395
919694938745
919712035760
919716778454
919700405892
919686967027
919716262110
919716779740
919712037545
919716262636
919664753232
919716780000
919686968419
919694949363
919664753704
919700408868
919687812313
919712042727
919716265858
919716780484
919686969568
919712043082
919716780859
919687815562
919664756722
919716266348
919700414410
919664757080
919687822355
919664757450
919700415374
919686971957
919694967953
919700422959
919686980685
919694969365
919687832352
919712057425
919711011269
919716800903
919716275924
919687836677
919711011804
919700432863
919712058199
919711011844
919664763981
919716282865
919686987333
919687839444
919664764233
919687840302
919694988999
919712063682
919700443324
919686987854
919716805553
919712065439
919664764923
919716292369
919700444140
919686987907
919694998653
919712068636
919664764964
919716808746
919687849080
919695000777
919664765170
919700451115
919716813021
919700456491
919716813027
919686994344
919695003333
919700456978
919686994444
919695007503
919716817907
919716299650
919700466136
919716821821
919716299916
919695015595
919716824280
919664772689
919687000010
919716302572
919687856822
919664773292
919700471212
919711022800
919700471413
919687000350
919695509440
919695025872
919687001001
919700472766
919711024534
919695030070
919716306097
919716841234
919687003626
919687868772
919711025238
919701872878
919700476777
919695529257
919687871818
919687004600
919701876525
919700479774
919695531919
919687006942
919687877921
919711027689
919701885686
919695552927
919695067224
919701885999
919716872472
919687885533
919711030645
919687886622
919701895195
919700512040
919687011000
919687896898
919687897890
919695091085
919701897784
919687018059
919700515475
919687024814
919687899955
919711034297
919716883929
919687025298
919700518261
919695578684
919695111941
919711034350
919695580367
919711034746
919701901526
919716884595
919687025759
919711034908
919701902073
919687030700
919695595730
919700522122
919687904859
919711038130
919695599259
919711038618
919700526836
919687905638
919695139602
919711038650
919701905767
919695606796
919695145502
919701908414
919695608200
919687035288
919695612121
919700529729
919716893509
919711040878
919701912525
919711042155
919687911964
919687037423
919695171171
919700537623
919704926292
919701914326
919687920491
919717819101
919700538150
919695628655
919687038579
919717819136
919711045831
919716906565
919687040019
919717822894
919716908854
919687040513
919717823599
919695188030
919704932050
919700545398
919711046929
919716915899
919695655901
919717823898
919700555188
919701920050
919687937888
919687042050
919695199001
919716917195
919687043191
919695199704
919716919250
919704945567
919687940777
919687045536
919695201651
919704945950
919711051091
919687942114
919695672101
919687047278
919700561700
919701931009
919711051826
919695674807
919687047353
919695213957
919700563572
919701934858
919711056563
919687945151
919716921084
919687945469
919695223739
919717831536
919716924374
919701939188
919695229088
919717831834
919695688929
919700567899
919711061551
919687948619
919704955506
919695689917
919700569779
919701945392
919687949495
919716928260
919695691973
919701947546
919695236412
919700575523
919711063854
919704962082
919695694428
919701952435
919704966399
919695701350
919701955372
919704975293
919716931980
919700585154
919711065642
919695273368
919717841600
919687057293
919701960008
919695289095
919695709682
919687057353
919711066785
919701969946
919704987674
919716945273
919711067400
919687972635
919701970045
919700589988
919687063563
919695713772
919711068002
919687980317
919717849531
919704990842
919701972390
919687982497
919700594977
919701974142
919687982696
919695323099
919717850325
919716960133
919695324826
919704999680
919700602426
919687076700
919695739414
919716960261
919701979555
919705004550
919687077939
919687988711
919717852871
919701982627
919687080808
919695746507
919717853797
919687998209
919717854567
919695755922
919711076960
919700608371
919716965800
919687083207
919695333943
919700610892
919687999566
919711077487
919701985996
919705011822
919711078730
919695349596
919695759900
919717855801
919705025490
919700615445
919716971685
919716973462
919717857823
919705030330
919695771100
919711081322
919705030446
919711082071
919700626060
919716987321
919701996648
919705036770
919700630317
919716988030
919717863489
919717864449
919711085937
919700633383
919695780440
919700633417
919716989844
919705046869
919700635848
919695414180
919705049121
919717866119
919700636545
919716994069
919695787711
919717867220
919705054140
919717869946
919702000222
919712961775
919695423990
919705054254
919695798811
919717870276
919717870359
919695436646
919712963915
919718576814
919700660312
919705067739
919717872168
919695447447
919717001464
919705069974
919695813570
919717872505
919695449792
919702000888
919712967557
919718585175
919717872527
919702001107
919717001766
919712967852
919705071903
919717873003
919695457201
919702001658
919718586601
919700662656
919705074845
919712968178
919695834123
919717003383
919705079953
919695837714
919717003957
919717875899
919705085552
919702003017
919700821018
919705096723
919712970710
919695486945
919702003413
919700676076
919709195124
919705102169
919695488579
919702003473
919712971012
919695872006
919703399919
919717005283
919702003585
919712971671
919717886324
919705108888
919695491599
919700841760
919703403492
919718599260
919702004210
919717005752
919703404499
919717191729
919717888337
919692943696
919717005827
919695885558
919700691329
919700843735
919695888146
919695502109
919700846684
919717888556
919717193936
919695505562
919709243797
919692948969
919717006746
919712972809
919703419061
919717193953
919718609241
919705128999
919692962066
919695901444
919692969248
919712973639
919717888610
919700704172
919705132143
919700861087
919695903888
919712975243
919709254083
919717009932
919700865879
919702006021
919695907464
919717196335
919700869857
919705142490
919709261133
919702006060
919700717821
